architecture: [1, 3, 4, 3, 1]
0.5268287462069121
-0.00042605100514596486
0.773825609619443
-0.0002911241157631209
-0.7508440624816234
-0.0002450762531465984
0.9702627154495073
0.7384460180886475
-0.8697538909376876
3.094387664428495e-05
0.7445246383775163
0.8823164192729558
0.6064250852228973
-0.00022178637130152004
0.3961620657800121
0.9392106634876599
0.9402120071618272
6.0214649367935065e-05
-0.8952468460612634
-0.6082650090114594
-0.4825592510000875
0.00040418947854273626
0.20747617783128186
-0.36004767703518875
-0.10683682466020673
-0.5532979212187276
-0.00020978770568306606
0.429688396680137
-0.1474789795788112
-0.04642949138517565
0.20583206437394314
2.547012635271564e-06
-0.3217514256749137
0.9422053408589157
-0.11245685031930742
-0.9705873479921616
-0.00034733487097665026
-0.49076805264760764
0.006055780522251698
-0.9089345429031183
0.0004445859219012997
